0.0000e+00 1.3516e+01
1.2522e-01 4.8687e-01
2.5045e-01 5.2742e-01
3.7567e-01 1.9502e+00
5.0089e-01 4.0736e+00
6.2611e-01 4.3045e+00
7.5134e-01 4.3904e+00
8.7656e-01 3.8073e+00
1.0018e+00 2.4408e+00
1.1270e+00 1.5182e+00
1.2522e+00 1.2946e+00
1.3775e+00 9.2658e-01
1.5027e+00 6.4889e-01
1.6279e+00 5.2049e-01
1.7531e+00 3.8698e-01
1.8783e+00 3.1488e-01
2.0036e+00 2.3374e-01
2.1288e+00 1.7950e-01
2.2540e+00 1.4262e-01
2.3792e+00 1.1346e-01
2.5045e+00 8.3735e-02
2.6297e+00 6.4546e-02
2.7549e+00 5.2275e-02
2.8801e+00 4.3016e-02
3.0054e+00 3.1432e-02
3.1306e+00 2.2941e-02
3.2558e+00 1.7421e-02
3.3810e+00 1.4482e-02
3.5062e+00 1.1720e-02
3.6315e+00 9.5359e-03
3.7567e+00 8.1603e-03
3.8819e+00 7.2702e-03
4.0071e+00 6.4091e-03
4.1324e+00 5.6318e-03
4.2576e+00 5.1376e-03
4.3828e+00 4.6421e-03
4.5080e+00 4.0534e-03
4.6332e+00 3.5649e-03
4.7585e+00 3.1677e-03
4.8837e+00 2.6899e-03
5.0089e+00 2.4216e-03
5.1341e+00 2.1801e-03
5.2594e+00 1.9937e-03
5.3846e+00 1.7964e-03
5.5098e+00 1.7025e-03
5.6350e+00 1.5127e-03
5.7603e+00 1.3952e-03
5.8855e+00 1.3056e-03
6.0107e+00 1.2141e-03
6.1359e+00 1.1267e-03
6.2611e+00 1.0713e-03
6.3864e+00 9.6635e-04
6.5116e+00 9.2050e-04
6.6368e+00 8.5936e-04
6.7620e+00 8.0696e-04
6.8873e+00 7.6547e-04
7.0125e+00 7.4080e-04
7.1377e+00 7.0153e-04
7.2629e+00 6.5473e-04
7.3882e+00 6.0032e-04
7.5134e+00 5.6249e-04
7.6386e+00 5.2194e-04
7.7638e+00 4.8187e-04
7.8890e+00 4.4345e-04
8.0143e+00 4.0711e-04
8.1395e+00 3.4081e-04
8.2647e+00 2.9539e-04
8.3899e+00 2.4148e-04
8.5152e+00 2.0719e-04
8.6404e+00 1.7567e-04
8.7656e+00 1.5399e-04
8.8908e+00 1.3590e-04
9.0161e+00 1.1410e-04
9.1413e+00 9.7950e-05
9.2665e+00 8.8784e-05
9.3917e+00 7.3423e-05
9.5169e+00 6.5029e-05
9.6422e+00 5.7824e-05
9.7674e+00 4.7652e-05
9.8926e+00 3.9112e-05
1.0018e+01 3.4868e-05
1.0143e+01 2.9154e-05
1.0268e+01 2.3383e-05
1.0394e+01 1.9724e-05
1.0519e+01 1.7292e-05
1.0644e+01 1.2660e-05
1.0769e+01 1.0250e-05
1.0894e+01 8.0660e-06
1.1020e+01 6.3444e-06
1.1145e+01 2.9904e-06
1.1270e+01 1.9121e-06
1.1395e+01 6.0429e-07
1.1521e+01 1.7779e-07
1.1646e+01 1.1360e-07
1.1771e+01 0.0000e+00
1.1896e+01 0.0000e+00
1.2021e+01 0.0000e+00
1.2147e+01 0.0000e+00
1.2272e+01 0.0000e+00
1.2397e+01 0.0000e+00
1.2522e+01 0.0000e+00
1.2648e+01 0.0000e+00
1.2773e+01 0.0000e+00
1.2898e+01 0.0000e+00
1.3023e+01 0.0000e+00
1.3148e+01 0.0000e+00
1.3274e+01 0.0000e+00
1.3399e+01 0.0000e+00
1.3524e+01 0.0000e+00
1.3649e+01 0.0000e+00
1.3775e+01 0.0000e+00
1.3900e+01 0.0000e+00
1.4025e+01 0.0000e+00
1.4150e+01 0.0000e+00
1.4275e+01 0.0000e+00
1.4401e+01 0.0000e+00
1.4526e+01 0.0000e+00
1.4651e+01 0.0000e+00
1.4776e+01 0.0000e+00
1.4902e+01 0.0000e+00
1.5027e+01 0.0000e+00
1.5152e+01 0.0000e+00
1.5277e+01 0.0000e+00
1.5402e+01 0.0000e+00
1.5528e+01 0.0000e+00
1.5653e+01 0.0000e+00
1.5778e+01 0.0000e+00
1.5903e+01 0.0000e+00
