0.0000e+00 1.5479e+01
1.2522e-01 5.2956e-01
2.5045e-01 5.4416e-01
3.7567e-01 2.1496e+00
5.0089e-01 4.5839e+00
6.2611e-01 4.8689e+00
7.5134e-01 5.0128e+00
8.7656e-01 4.4090e+00
1.0018e+00 2.8912e+00
1.1270e+00 1.8575e+00
1.2522e+00 1.6152e+00
1.3775e+00 1.1854e+00
1.5027e+00 8.4622e-01
1.6279e+00 6.9447e-01
1.7531e+00 5.2821e-01
1.8783e+00 4.3998e-01
2.0036e+00 3.3966e-01
2.1288e+00 2.7207e-01
2.2540e+00 2.2444e-01
2.3792e+00 1.8659e-01
2.5045e+00 1.4458e-01
2.6297e+00 1.1422e-01
2.7549e+00 9.5379e-02
2.8801e+00 8.1099e-02
3.0054e+00 6.1379e-02
3.1306e+00 4.5767e-02
3.2558e+00 3.7175e-02
3.3810e+00 3.1088e-02
3.5062e+00 2.5500e-02
3.6315e+00 2.1137e-02
3.7567e+00 1.7850e-02
3.8819e+00 1.5519e-02
4.0071e+00 1.3257e-02
4.1324e+00 1.1282e-02
4.2576e+00 9.6513e-03
4.3828e+00 8.5808e-03
4.5080e+00 7.2705e-03
4.6332e+00 6.3048e-03
4.7585e+00 5.5995e-03
4.8837e+00 4.8514e-03
5.0089e+00 4.2514e-03
5.1341e+00 3.7586e-03
5.2594e+00 3.3678e-03
5.3846e+00 2.8845e-03
5.5098e+00 2.6440e-03
5.6350e+00 2.3484e-03
5.7603e+00 2.1305e-03
5.8855e+00 1.9357e-03
6.0107e+00 1.7638e-03
6.1359e+00 1.6009e-03
6.2611e+00 1.4884e-03
6.3864e+00 1.3748e-03
6.5116e+00 1.3080e-03
6.6368e+00 1.2255e-03
6.7620e+00 1.1385e-03
6.8873e+00 1.0854e-03
7.0125e+00 1.0130e-03
7.1377e+00 9.4718e-04
7.2629e+00 9.0040e-04
7.3882e+00 8.9377e-04
7.5134e+00 8.3588e-04
7.6386e+00 8.0349e-04
7.7638e+00 7.9346e-04
7.8890e+00 7.5401e-04
8.0143e+00 7.1657e-04
8.1395e+00 6.9614e-04
8.2647e+00 6.7050e-04
8.3899e+00 6.2533e-04
8.5152e+00 6.0234e-04
8.6404e+00 5.8003e-04
8.7656e+00 5.7310e-04
8.8908e+00 5.5446e-04
9.0161e+00 5.3261e-04
9.1413e+00 5.2128e-04
9.2665e+00 5.1738e-04
9.3917e+00 4.7970e-04
9.5169e+00 4.7481e-04
9.6422e+00 4.6132e-04
9.7674e+00 4.5149e-04
9.8926e+00 4.3212e-04
1.0018e+01 4.2227e-04
1.0143e+01 4.1136e-04
1.0268e+01 3.9732e-04
1.0394e+01 3.8105e-04
1.0519e+01 3.6240e-04
1.0644e+01 3.5331e-04
1.0769e+01 3.3408e-04
1.0894e+01 3.1963e-04
1.1020e+01 3.1006e-04
1.1145e+01 3.0319e-04
1.1270e+01 2.8512e-04
1.1395e+01 2.7270e-04
1.1521e+01 2.6476e-04
1.1646e+01 2.4834e-04
1.1771e+01 2.3621e-04
1.1896e+01 2.3032e-04
1.2021e+01 2.2498e-04
1.2147e+01 2.1457e-04
1.2272e+01 2.1006e-04
1.2397e+01 1.9958e-04
1.2522e+01 1.8715e-04
1.2648e+01 1.7765e-04
1.2773e+01 1.7352e-04
1.2898e+01 1.6554e-04
1.3023e+01 1.6184e-04
1.3148e+01 1.5681e-04
1.3274e+01 1.5286e-04
1.3399e+01 1.4139e-04
1.3524e+01 1.3415e-04
1.3649e+01 1.2420e-04
1.3775e+01 1.1537e-04
1.3900e+01 1.0393e-04
1.4025e+01 9.8038e-05
1.4150e+01 9.2047e-05
1.4275e+01 8.7014e-05
1.4401e+01 8.1796e-05
1.4526e+01 7.8165e-05
1.4651e+01 7.5036e-05
1.4776e+01 7.1209e-05
1.4902e+01 6.7212e-05
1.5027e+01 6.3427e-05
1.5152e+01 5.9358e-05
1.5277e+01 5.5736e-05
1.5402e+01 5.2153e-05
1.5528e+01 5.0428e-05
1.5653e+01 4.9322e-05
1.5778e+01 4.7787e-05
1.5903e+01 4.4487e-05
1.6029e+01 4.1247e-05
1.6154e+01 3.6803e-05
1.6279e+01 3.3361e-05
1.6404e+01 2.9875e-05
1.6529e+01 2.8068e-05
1.6655e+01 2.6391e-05
1.6780e+01 2.5763e-05
1.6905e+01 2.3841e-05
1.7030e+01 2.2396e-05
1.7156e+01 2.0683e-05
1.7281e+01 1.9465e-05
1.7406e+01 1.7559e-05
1.7531e+01 1.6082e-05
1.7656e+01 1.4730e-05
1.7782e+01 1.3593e-05
1.7907e+01 1.2635e-05
1.8032e+01 1.2065e-05
1.8157e+01 1.1076e-05
1.8283e+01 1.0459e-05
1.8408e+01 9.5644e-06
1.8533e+01 8.6675e-06
1.8658e+01 8.0300e-06
1.8783e+01 7.5449e-06
1.8909e+01 6.8664e-06
1.9034e+01 6.3433e-06
1.9159e+01 5.7229e-06
1.9284e+01 4.9753e-06
1.9410e+01 4.6383e-06
1.9535e+01 4.1779e-06
1.9660e+01 3.8582e-06
1.9785e+01 3.5680e-06
1.9910e+01 3.3356e-06
2.0036e+01 3.0268e-06
2.0161e+01 2.8284e-06
2.0286e+01 2.4610e-06
2.0411e+01 2.3938e-06
2.0537e+01 1.9824e-06
2.0662e+01 1.7981e-06
2.0787e+01 1.5669e-06
2.0912e+01 1.4016e-06
2.1037e+01 1.1655e-06
2.1163e+01 1.0450e-06
2.1288e+01 8.7042e-07
2.1413e+01 7.6753e-07
2.1538e+01 6.7774e-07
2.1664e+01 6.1249e-07
2.1789e+01 4.8976e-07
2.1914e+01 4.7019e-07
2.2039e+01 3.3613e-07
2.2164e+01 2.5964e-07
2.2290e+01 1.5283e-07
2.2415e+01 1.2471e-07
2.2540e+01 5.0967e-08
2.2665e+01 2.2105e-08
2.2791e+01 1.1566e-08
2.2916e+01 7.9860e-10
2.3041e+01 0.0000e+00
2.3166e+01 0.0000e+00
2.3291e+01 0.0000e+00
2.3417e+01 0.0000e+00
2.3542e+01 0.0000e+00
2.3667e+01 0.0000e+00
2.3792e+01 0.0000e+00
2.3918e+01 0.0000e+00
2.4043e+01 0.0000e+00
2.4168e+01 0.0000e+00
2.4293e+01 0.0000e+00
2.4418e+01 0.0000e+00
2.4544e+01 0.0000e+00
2.4669e+01 0.0000e+00
2.4794e+01 0.0000e+00
2.4919e+01 0.0000e+00
2.5045e+01 0.0000e+00
2.5170e+01 0.0000e+00
2.5295e+01 0.0000e+00
2.5420e+01 0.0000e+00
2.5545e+01 0.0000e+00
2.5671e+01 0.0000e+00
2.5796e+01 0.0000e+00
2.5921e+01 0.0000e+00
2.6046e+01 0.0000e+00
2.6172e+01 0.0000e+00
2.6297e+01 0.0000e+00
2.6422e+01 0.0000e+00
2.6547e+01 0.0000e+00
2.6672e+01 0.0000e+00
2.6798e+01 0.0000e+00
2.6923e+01 0.0000e+00
2.7048e+01 0.0000e+00
2.7173e+01 0.0000e+00
2.7299e+01 0.0000e+00
2.7424e+01 0.0000e+00
2.7549e+01 0.0000e+00
2.7674e+01 0.0000e+00
2.7799e+01 0.0000e+00
2.7925e+01 0.0000e+00
2.8050e+01 0.0000e+00
2.8175e+01 0.0000e+00
2.8300e+01 0.0000e+00
2.8426e+01 0.0000e+00
2.8551e+01 0.0000e+00
2.8676e+01 0.0000e+00
2.8801e+01 0.0000e+00
2.8926e+01 0.0000e+00
2.9052e+01 0.0000e+00
2.9177e+01 0.0000e+00
2.9302e+01 0.0000e+00
2.9427e+01 0.0000e+00
2.9553e+01 0.0000e+00
2.9678e+01 0.0000e+00
2.9803e+01 0.0000e+00
2.9928e+01 0.0000e+00
3.0054e+01 0.0000e+00
3.0179e+01 0.0000e+00
3.0304e+01 0.0000e+00
3.0429e+01 0.0000e+00
3.0554e+01 0.0000e+00
3.0680e+01 0.0000e+00
3.0805e+01 0.0000e+00
3.0930e+01 0.0000e+00
3.1055e+01 0.0000e+00
3.1181e+01 0.0000e+00
3.1306e+01 0.0000e+00
3.1431e+01 0.0000e+00
3.1556e+01 0.0000e+00
3.1681e+01 0.0000e+00
3.1807e+01 0.0000e+00
3.1932e+01 0.0000e+00
