0.0000e+00 2.9156e-03
1.2522e-01 6.4379e-01
2.5045e-01 9.1811e-01
3.7567e-01 4.4975e+00
5.0089e-01 1.0156e+01
6.2611e-01 1.0732e+01
7.5134e-01 1.0911e+01
8.7656e-01 9.2455e+00
1.0018e+00 5.8185e+00
1.1270e+00 3.3090e+00
1.2522e+00 2.7504e+00
1.3775e+00 1.8697e+00
1.5027e+00 1.1871e+00
1.6279e+00 8.8481e-01
1.7531e+00 6.3618e-01
1.8783e+00 4.8133e-01
2.0036e+00 3.1478e-01
2.1288e+00 2.3450e-01
2.2540e+00 1.8123e-01
2.3792e+00 1.3365e-01
2.5045e+00 1.0043e-01
2.6297e+00 7.8500e-02
2.7549e+00 6.2283e-02
2.8801e+00 5.6625e-02
3.0054e+00 4.6098e-02
3.1306e+00 3.9592e-02
3.2558e+00 3.6190e-02
3.3810e+00 3.1880e-02
3.5062e+00 2.8288e-02
3.6315e+00 2.4285e-02
3.7567e+00 2.0478e-02
3.8819e+00 1.7951e-02
4.0071e+00 1.5452e-02
4.1324e+00 1.3428e-02
4.2576e+00 1.2266e-02
4.3828e+00 1.0869e-02
4.5080e+00 9.3549e-03
4.6332e+00 8.1877e-03
4.7585e+00 7.0870e-03
4.8837e+00 6.3143e-03
5.0089e+00 5.7276e-03
5.1341e+00 4.9514e-03
5.2594e+00 4.4818e-03
5.3846e+00 3.9600e-03
5.5098e+00 3.5166e-03
5.6350e+00 3.2162e-03
5.7603e+00 2.8659e-03
5.8855e+00 2.6520e-03
6.0107e+00 2.3725e-03
6.1359e+00 2.1297e-03
6.2611e+00 1.8398e-03
6.3864e+00 1.6733e-03
6.5116e+00 1.5066e-03
6.6368e+00 1.2820e-03
6.7620e+00 1.1798e-03
6.8873e+00 1.0707e-03
7.0125e+00 9.6501e-04
7.1377e+00 8.6497e-04
7.2629e+00 8.0833e-04
7.3882e+00 7.0069e-04
7.5134e+00 6.3483e-04
7.6386e+00 5.6584e-04
7.7638e+00 5.1784e-04
7.8890e+00 4.6193e-04
8.0143e+00 4.4284e-04
8.1395e+00 3.9778e-04
8.2647e+00 3.7876e-04
8.3899e+00 3.3645e-04
8.5152e+00 3.1630e-04
8.6404e+00 2.8357e-04
8.7656e+00 2.7190e-04
8.8908e+00 2.5260e-04
9.0161e+00 2.3323e-04
9.1413e+00 2.1402e-04
9.2665e+00 2.0022e-04
9.3917e+00 1.8551e-04
9.5169e+00 1.7194e-04
9.6422e+00 1.5931e-04
9.7674e+00 1.5210e-04
9.8926e+00 1.4090e-04
1.0018e+01 1.3217e-04
1.0143e+01 1.2611e-04
1.0268e+01 1.2319e-04
1.0394e+01 1.1428e-04
1.0519e+01 1.0791e-04
1.0644e+01 1.0085e-04
1.0769e+01 9.3877e-05
1.0894e+01 8.8742e-05
1.1020e+01 8.4912e-05
1.1145e+01 8.1494e-05
1.1270e+01 7.7523e-05
1.1395e+01 7.3302e-05
1.1521e+01 6.8540e-05
1.1646e+01 6.6323e-05
1.1771e+01 6.1944e-05
1.1896e+01 5.9813e-05
1.2021e+01 5.7948e-05
1.2147e+01 5.4056e-05
1.2272e+01 5.1189e-05
1.2397e+01 4.9651e-05
1.2522e+01 4.6917e-05
1.2648e+01 4.4056e-05
1.2773e+01 4.3252e-05
1.2898e+01 4.0842e-05
1.3023e+01 3.8677e-05
1.3148e+01 3.6510e-05
1.3274e+01 3.4924e-05
1.3399e+01 3.2993e-05
1.3524e+01 3.1496e-05
1.3649e+01 3.0169e-05
1.3775e+01 2.8853e-05
1.3900e+01 2.7085e-05
1.4025e+01 2.5127e-05
1.4150e+01 2.4301e-05
1.4275e+01 2.3073e-05
1.4401e+01 2.1877e-05
1.4526e+01 2.0418e-05
1.4651e+01 1.9291e-05
1.4776e+01 1.7976e-05
1.4902e+01 1.6862e-05
1.5027e+01 1.5536e-05
1.5152e+01 1.4789e-05
1.5277e+01 1.4389e-05
1.5402e+01 1.3324e-05
1.5528e+01 1.2408e-05
1.5653e+01 1.2029e-05
1.5778e+01 1.1459e-05
1.5903e+01 1.0991e-05
1.6029e+01 1.0647e-05
1.6154e+01 1.0344e-05
1.6279e+01 9.8318e-06
1.6404e+01 9.4208e-06
1.6529e+01 8.9857e-06
1.6655e+01 8.6349e-06
1.6780e+01 8.3863e-06
1.6905e+01 8.1075e-06
1.7030e+01 7.8469e-06
1.7156e+01 7.5448e-06
1.7281e+01 7.3784e-06
1.7406e+01 7.0076e-06
1.7531e+01 6.8276e-06
1.7656e+01 6.7198e-06
1.7782e+01 6.5954e-06
1.7907e+01 6.4654e-06
1.8032e+01 6.3913e-06
1.8157e+01 6.2816e-06
1.8283e+01 6.0491e-06
1.8408e+01 5.8956e-06
1.8533e+01 5.6046e-06
1.8658e+01 5.3916e-06
1.8783e+01 5.1544e-06
1.8909e+01 4.9724e-06
1.9034e+01 4.7418e-06
1.9159e+01 4.7026e-06
1.9284e+01 4.5874e-06
1.9410e+01 4.4627e-06
1.9535e+01 4.2982e-06
1.9660e+01 4.1072e-06
1.9785e+01 3.8281e-06
1.9910e+01 3.6691e-06
2.0036e+01 3.5515e-06
2.0161e+01 3.3487e-06
2.0286e+01 3.2537e-06
2.0411e+01 3.2110e-06
2.0537e+01 3.1001e-06
2.0662e+01 2.9561e-06
2.0787e+01 2.8750e-06
2.0912e+01 2.7721e-06
2.1037e+01 2.6025e-06
2.1163e+01 2.4493e-06
2.1288e+01 2.2893e-06
2.1413e+01 2.1864e-06
2.1538e+01 2.0520e-06
2.1664e+01 1.9712e-06
2.1789e+01 1.8657e-06
2.1914e+01 1.8045e-06
2.2039e+01 1.7029e-06
2.2164e+01 1.6141e-06
2.2290e+01 1.5294e-06
2.2415e+01 1.4270e-06
2.2540e+01 1.3606e-06
2.2665e+01 1.2754e-06
2.2791e+01 1.1920e-06
2.2916e+01 1.1131e-06
2.3041e+01 1.0450e-06
2.3166e+01 9.8138e-07
2.3291e+01 9.2173e-07
2.3417e+01 8.7445e-07
2.3542e+01 8.2100e-07
2.3667e+01 7.7676e-07
2.3792e+01 7.1873e-07
2.3918e+01 6.9624e-07
2.4043e+01 6.3756e-07
2.4168e+01 5.9886e-07
2.4293e+01 5.5940e-07
2.4418e+01 5.3229e-07
2.4544e+01 4.8889e-07
2.4669e+01 4.6487e-07
2.4794e+01 4.2599e-07
2.4919e+01 4.0206e-07
2.5045e+01 3.7940e-07
2.5170e+01 3.5179e-07
2.5295e+01 3.2779e-07
2.5420e+01 3.0907e-07
2.5545e+01 2.9335e-07
2.5671e+01 2.6281e-07
2.5796e+01 2.4439e-07
2.5921e+01 2.2620e-07
2.6046e+01 2.1041e-07
2.6172e+01 1.8748e-07
2.6297e+01 1.7110e-07
2.6422e+01 1.5687e-07
2.6547e+01 1.4296e-07
2.6672e+01 1.2655e-07
2.6798e+01 1.1631e-07
2.6923e+01 1.0766e-07
2.7048e+01 9.7451e-08
2.7173e+01 8.9217e-08
2.7299e+01 8.2709e-08
2.7424e+01 7.3431e-08
2.7549e+01 6.4834e-08
2.7674e+01 5.7055e-08
2.7799e+01 5.0665e-08
2.7925e+01 4.4861e-08
2.8050e+01 4.0543e-08
2.8175e+01 3.5406e-08
2.8300e+01 3.1818e-08
2.8426e+01 2.8186e-08
2.8551e+01 2.4594e-08
2.8676e+01 2.1197e-08
2.8801e+01 1.8573e-08
2.8926e+01 1.6274e-08
2.9052e+01 1.3974e-08
2.9177e+01 1.2289e-08
2.9302e+01 1.1005e-08
2.9427e+01 9.8694e-09
2.9553e+01 8.5786e-09
2.9678e+01 7.7254e-09
2.9803e+01 6.8148e-09
2.9928e+01 6.0877e-09
3.0054e+01 5.5040e-09
3.0179e+01 4.9340e-09
3.0304e+01 4.4762e-09
3.0429e+01 4.1168e-09
3.0554e+01 3.7916e-09
3.0680e+01 3.5262e-09
3.0805e+01 3.1406e-09
3.0930e+01 2.8872e-09
3.1055e+01 2.6276e-09
3.1181e+01 2.3590e-09
3.1306e+01 2.1625e-09
3.1431e+01 2.0087e-09
3.1556e+01 1.7874e-09
3.1681e+01 1.6636e-09
3.1807e+01 1.5065e-09
3.1932e+01 1.3799e-09
3.2057e+01 1.2029e-09
3.2182e+01 1.1142e-09
3.2308e+01 1.0023e-09
3.2433e+01 9.0059e-10
3.2558e+01 8.0200e-10
3.2683e+01 7.4649e-10
3.2808e+01 6.8103e-10
3.2934e+01 6.0370e-10
3.3059e+01 5.6578e-10
3.3184e+01 5.0827e-10
3.3309e+01 4.5524e-10
3.3435e+01 4.1556e-10
3.3560e+01 3.7212e-10
3.3685e+01 3.3835e-10
3.3810e+01 2.9791e-10
3.3935e+01 2.7546e-10
3.4061e+01 2.4922e-10
3.4186e+01 2.2497e-10
3.4311e+01 1.9681e-10
3.4436e+01 1.7412e-10
3.4562e+01 1.5276e-10
3.4687e+01 1.3468e-10
3.4812e+01 1.1656e-10
3.4937e+01 1.0355e-10
3.5062e+01 9.4559e-11
3.5188e+01 8.3554e-11
3.5313e+01 7.5936e-11
3.5438e+01 6.6263e-11
3.5563e+01 5.9225e-11
3.5689e+01 5.1653e-11
3.5814e+01 4.6876e-11
3.5939e+01 4.0718e-11
3.6064e+01 3.7558e-11
3.6189e+01 3.2380e-11
3.6315e+01 2.8488e-11
3.6440e+01 2.5902e-11
3.6565e+01 2.2071e-11
3.6690e+01 1.8619e-11
3.6816e+01 1.6349e-11
3.6941e+01 1.4253e-11
3.7066e+01 1.2635e-11
3.7191e+01 1.0554e-11
3.7316e+01 9.5043e-12
3.7442e+01 8.2211e-12
3.7567e+01 7.4139e-12
3.7692e+01 6.4044e-12
3.7817e+01 5.5254e-12
3.7943e+01 5.0182e-12
3.8068e+01 4.2163e-12
3.8193e+01 3.5319e-12
3.8318e+01 2.9742e-12
3.8443e+01 2.5056e-12
3.8569e+01 2.1006e-12
3.8694e+01 1.7801e-12
3.8819e+01 1.4793e-12
3.8944e+01 1.2035e-12
3.9070e+01 1.0528e-12
3.9195e+01 8.5161e-13
3.9320e+01 6.6774e-13
3.9445e+01 5.7292e-13
3.9570e+01 4.4663e-13
3.9696e+01 3.5393e-13
3.9821e+01 2.7868e-13
3.9946e+01 2.3128e-13
4.0071e+01 1.9318e-13
4.0197e+01 1.5123e-13
4.0322e+01 1.2469e-13
4.0447e+01 9.9040e-14
4.0572e+01 7.7190e-14
4.0697e+01 6.2657e-14
4.0823e+01 4.6710e-14
4.0948e+01 3.9255e-14
4.1073e+01 2.7328e-14
4.1198e+01 2.1892e-14
4.1324e+01 1.6679e-14
4.1449e+01 1.3021e-14
4.1574e+01 1.0608e-14
4.1699e+01 7.8165e-15
4.1824e+01 6.1066e-15
4.1950e+01 4.5317e-15
4.2075e+01 3.6364e-15
4.2200e+01 2.8233e-15
4.2325e+01 2.2705e-15
4.2451e+01 1.8590e-15
4.2576e+01 1.5568e-15
4.2701e+01 1.3455e-15
4.2826e+01 1.1135e-15
4.2951e+01 1.0150e-15
4.3077e+01 9.2721e-16
4.3202e+01 8.1334e-16
4.3327e+01 7.3977e-16
4.3452e+01 6.9415e-16
4.3578e+01 6.1506e-16
4.3703e+01 5.9549e-16
4.3828e+01 5.0444e-16
4.3953e+01 4.5034e-16
4.4078e+01 3.9496e-16
4.4204e+01 3.7165e-16
4.4329e+01 3.4027e-16
4.4454e+01 2.8458e-16
4.4579e+01 2.4761e-16
4.4705e+01 1.9064e-16
4.4830e+01 1.5519e-16
4.4955e+01 9.7214e-17
4.5080e+01 7.2884e-17
4.5205e+01 5.5970e-17
4.5331e+01 1.9590e-17
4.5456e+01 1.2779e-17
4.5581e+01 9.4513e-19
4.5706e+01 0.0000e+00
4.5832e+01 0.0000e+00
4.5957e+01 0.0000e+00
4.6082e+01 0.0000e+00
4.6207e+01 0.0000e+00
4.6332e+01 0.0000e+00
4.6458e+01 0.0000e+00
4.6583e+01 0.0000e+00
4.6708e+01 0.0000e+00
4.6833e+01 0.0000e+00
4.6959e+01 0.0000e+00
4.7084e+01 0.0000e+00
4.7209e+01 0.0000e+00
4.7334e+01 0.0000e+00
4.7459e+01 0.0000e+00
4.7585e+01 0.0000e+00
4.7710e+01 0.0000e+00
4.7835e+01 0.0000e+00
4.7960e+01 0.0000e+00
4.8086e+01 0.0000e+00
4.8211e+01 0.0000e+00
4.8336e+01 0.0000e+00
4.8461e+01 0.0000e+00
4.8586e+01 0.0000e+00
4.8712e+01 0.0000e+00
4.8837e+01 0.0000e+00
4.8962e+01 0.0000e+00
4.9087e+01 0.0000e+00
4.9213e+01 0.0000e+00
4.9338e+01 0.0000e+00
4.9463e+01 0.0000e+00
4.9588e+01 0.0000e+00
4.9713e+01 0.0000e+00
4.9839e+01 0.0000e+00
4.9964e+01 0.0000e+00
5.0089e+01 0.0000e+00
5.0214e+01 0.0000e+00
5.0340e+01 0.0000e+00
5.0465e+01 0.0000e+00
5.0590e+01 0.0000e+00
5.0715e+01 0.0000e+00
5.0841e+01 0.0000e+00
5.0966e+01 0.0000e+00
5.1091e+01 0.0000e+00
5.1216e+01 0.0000e+00
5.1341e+01 0.0000e+00
5.1467e+01 0.0000e+00
5.1592e+01 0.0000e+00
5.1717e+01 0.0000e+00
5.1842e+01 0.0000e+00
5.1968e+01 0.0000e+00
5.2093e+01 0.0000e+00
5.2218e+01 0.0000e+00
5.2343e+01 0.0000e+00
5.2468e+01 0.0000e+00
5.2594e+01 0.0000e+00
5.2719e+01 0.0000e+00
5.2844e+01 0.0000e+00
5.2969e+01 0.0000e+00
5.3095e+01 0.0000e+00
5.3220e+01 0.0000e+00
5.3345e+01 0.0000e+00
5.3470e+01 0.0000e+00
5.3595e+01 0.0000e+00
5.3721e+01 0.0000e+00
5.3846e+01 0.0000e+00
5.3971e+01 0.0000e+00
5.4096e+01 0.0000e+00
5.4222e+01 0.0000e+00
5.4347e+01 0.0000e+00
5.4472e+01 0.0000e+00
5.4597e+01 0.0000e+00
5.4722e+01 0.0000e+00
5.4848e+01 0.0000e+00
5.4973e+01 0.0000e+00
5.5098e+01 0.0000e+00
5.5223e+01 0.0000e+00
5.5349e+01 0.0000e+00
5.5474e+01 0.0000e+00
5.5599e+01 0.0000e+00
5.5724e+01 0.0000e+00
5.5849e+01 0.0000e+00
5.5975e+01 0.0000e+00
5.6100e+01 0.0000e+00
5.6225e+01 0.0000e+00
5.6350e+01 0.0000e+00
5.6476e+01 0.0000e+00
5.6601e+01 0.0000e+00
5.6726e+01 0.0000e+00
5.6851e+01 0.0000e+00
5.6976e+01 0.0000e+00
5.7102e+01 0.0000e+00
5.7227e+01 0.0000e+00
5.7352e+01 0.0000e+00
5.7477e+01 0.0000e+00
5.7603e+01 0.0000e+00
5.7728e+01 0.0000e+00
5.7853e+01 0.0000e+00
5.7978e+01 0.0000e+00
5.8103e+01 0.0000e+00
5.8229e+01 0.0000e+00
5.8354e+01 0.0000e+00
5.8479e+01 0.0000e+00
5.8604e+01 0.0000e+00
5.8730e+01 0.0000e+00
5.8855e+01 0.0000e+00
5.8980e+01 0.0000e+00
5.9105e+01 0.0000e+00
5.9230e+01 0.0000e+00
5.9356e+01 0.0000e+00
5.9481e+01 0.0000e+00
5.9606e+01 0.0000e+00
5.9731e+01 0.0000e+00
5.9857e+01 0.0000e+00
5.9982e+01 0.0000e+00
6.0107e+01 0.0000e+00
6.0232e+01 0.0000e+00
6.0357e+01 0.0000e+00
6.0483e+01 0.0000e+00
6.0608e+01 0.0000e+00
6.0733e+01 0.0000e+00
6.0858e+01 0.0000e+00
6.0984e+01 0.0000e+00
6.1109e+01 0.0000e+00
6.1234e+01 0.0000e+00
6.1359e+01 0.0000e+00
6.1484e+01 0.0000e+00
6.1610e+01 0.0000e+00
6.1735e+01 0.0000e+00
6.1860e+01 0.0000e+00
6.1985e+01 0.0000e+00
6.2111e+01 0.0000e+00
6.2236e+01 0.0000e+00
6.2361e+01 0.0000e+00
6.2486e+01 0.0000e+00
6.2611e+01 0.0000e+00
6.2737e+01 0.0000e+00
6.2862e+01 0.0000e+00
6.2987e+01 0.0000e+00
6.3112e+01 0.0000e+00
6.3238e+01 0.0000e+00
6.3363e+01 0.0000e+00
6.3488e+01 0.0000e+00
6.3613e+01 0.0000e+00
6.3738e+01 0.0000e+00
6.3864e+01 0.0000e+00
6.3989e+01 0.0000e+00
