0.0000e+00 9.1304e+00
1.2522e-01 4.7687e-01
2.5045e-01 5.0743e-01
3.7567e-01 1.7527e+00
5.0089e-01 3.2899e+00
6.2611e-01 3.4251e+00
7.5134e-01 3.3754e+00
8.7656e-01 2.7738e+00
1.0018e+00 1.6329e+00
1.1270e+00 9.1407e-01
1.2522e+00 7.3029e-01
1.3775e+00 4.7656e-01
1.5027e+00 3.1725e-01
1.6279e+00 2.4487e-01
1.7531e+00 1.7064e-01
1.8783e+00 1.3140e-01
2.0036e+00 9.2226e-02
2.1288e+00 6.5137e-02
2.2540e+00 4.8180e-02
2.3792e+00 3.5367e-02
2.5045e+00 2.4222e-02
2.6297e+00 1.8346e-02
2.7549e+00 1.4830e-02
2.8801e+00 1.2593e-02
3.0054e+00 9.2890e-03
3.1306e+00 7.9662e-03
3.2558e+00 7.0433e-03
3.3810e+00 6.1719e-03
3.5062e+00 5.4966e-03
3.6315e+00 5.0493e-03
3.7567e+00 4.4430e-03
3.8819e+00 3.8294e-03
4.0071e+00 3.3377e-03
4.1324e+00 2.6762e-03
4.2576e+00 2.1157e-03
4.3828e+00 1.6347e-03
4.5080e+00 1.2145e-03
4.6332e+00 8.5532e-04
4.7585e+00 6.1776e-04
4.8837e+00 4.8734e-04
5.0089e+00 3.8538e-04
5.1341e+00 2.8015e-04
5.2594e+00 1.9776e-04
5.3846e+00 1.1990e-04
5.5098e+00 7.5263e-05
5.6350e+00 4.2920e-05
5.7603e+00 1.1787e-05
5.8855e+00 4.2925e-06
6.0107e+00 0.0000e+00
6.1359e+00 0.0000e+00
6.2611e+00 0.0000e+00
6.3864e+00 0.0000e+00
6.5116e+00 0.0000e+00
6.6368e+00 0.0000e+00
6.7620e+00 0.0000e+00
6.8873e+00 0.0000e+00
7.0125e+00 0.0000e+00
7.1377e+00 0.0000e+00
7.2629e+00 0.0000e+00
7.3882e+00 0.0000e+00
7.5134e+00 0.0000e+00
7.6386e+00 0.0000e+00
7.7638e+00 0.0000e+00
7.8890e+00 0.0000e+00
